Ps = [610.47 657.27 705.26 758.59 813.25 871.91 934.57 1001.23 1073.23 1147.89 1227.88 1311.87 1402.53 1497.18 1598.51 1750.16 1817.15 1937.14 2063.79 2197.11 2338.43 2486.42 ...
      2646.4 2809.05 2983.7 3167.68 3361 3564.98 3779.62 4004.93 4242.24 4492.88 4754.19 5030.16 5319.47 5623.44 5940.74 6275.37 6619.34 6991.3 7375.26 7777.89 8199.18 8639.14 ...
      9100.42 9583.04 10085.66 10612.27 11160.22 11734.83 12333.43 12958.7 13611.97 14291.9 14998.5 15731.76 16505.02 17304.94 18144.85 19011.43 19910 20851.25 21837.82 ...
      22851.05 23904.28 24997.5 26144.05 27330.6 28557.14 29823.68 31156.88 32516.75 33943.27 35423.12 36956.3 38542.81 40182.65 41875.81 43635.64 45462.12 47341.93 49288.4 ...
      51314.87 53407.99 55567.78 57807.55 60113.99 62220.44 64940.17 67473.25 70099.66 72806.05 75592.44 78472.15 81445.19 84511.55 87671.23 90937.57 94297.24 97750.22];
Xs = 0.622.*Ps./(101325-Ps);
T = 0:1:99;


Xs = 0.04007 * exp(2.564*T) + 2.173e-16*exp(22.66*T);